figures(
image(
attrib(
color(-16777216)
depth(0)
width(1)
)
name("image0")
248,172,160,120
url("file:///C:\\Inetpub\\wwwroot\\workshop\\7com\\commondata\\images\\yamanoue-photo.gif")
)
curve(
attrib(
color(-16711936)
depth(0)
width(4)
)
159,139
 83,7
 184,-41
 168,-72
 162,-43
 195,-13
 277,-12
 336,-20
 328,-34
 308,-31
 315,21
 324,109
 363,143
 370,117
 328,112
 301,142
 268,248
 301,251
 293,220
 215,188
 164,188
 167,215
 179,197
 165,174
 73,187
 44,237
 64,219
 50,163
 40,109
 4,79
 3,103
 36,89
 44,36
 45,-12
 28,-34
 5,-40
 -2,-21
 -2,-11
)
)
