figures(
curve(
attrib(
color(-13487361)
depth(0)
width(5)
)
171,351
 -50,-34
 -50,-75
 -28,-104
 -24,-132
 -44,-151
 -73,-174
 -80,-225
 -75,-257
 -37,-269
 -3,-283
 7,-289
 28,-309
 57,-327
 94,-297
 116,-293
 158,-320
 197,-317
 207,-297
 225,-273
 272,-273
 290,-246
 255,-206
 219,-192
 219,-168
 249,-149
 293,-122
 279,-68
 217,-64
 189,-67
 190,-23
 175,0
 147,-23
 108,-88
 61,-93
 39,-63
 38,-31
 18,-9
 5,-1
)
curve(
attrib(
color(-52686)
depth(0)
width(5)
)
237,230
 -80,-13
 -99,-91
 -46,-166
 23,-166
 113,-151
 136,-113
 137,-69
 117,-18
 71,-5
 29,0
 9,2
)
curve(
attrib(
color(-13435086)
depth(0)
width(5)
)
252,263
 4,196
 -8,202
 -85,147
 -94,59
 -37,106
 -6,179
 12,206
 29,216
 87,139
 82,60
 26,113
 12,195
 6,215
)
image(
attrib(
color(-16777216)
depth(0)
width(1)
)
name("image0")
176,87,160,120
url("file:///C:\\Inetpub\\wwwroot\\workshop\\7com\\commondata\\images\\yamanoue-photo.gif")
)
)
