figures(
image(
attrib(
color(-16777216)
depth(0)
width(1)
)
name("image0")
151,95,160,120
url("file:///C:\\Inetpub\\wwwroot\\workshop\\7com\\commondata\\images\\yamanoue-photo.gif")
)
free(
attrib(
color(-256)
depth(0)
width(4)
)
131,81
 0,-13
 11,-27
 69,-40
 72,8
 72,10
 72,12
 55,-12
 60,-34
 75,-45
 95,-44
 110,-35
 122,-8
 121,-1
 117,4
 114,-28
 131,-48
 156,-51
 192,-43
 222,-19
 221,3
 213,11
 195,1
 204,-13
 241,45
 241,48
 230,97
 222,101
 212,101
 211,80
 246,102
 247,129
 247,136
 245,147
 236,180
 232,193
 198,215
 164,190
 178,148
 192,162
 183,191
 158,213
 99,210
 92,202
 90,192
 89,169
 105,133
 110,133
 135,148
 100,186
 77,194
 33,199
 33,173
 43,139
 59,138
 42,178
 10,183
 8,182
 7,182
 -15,183
 -42,165
 -38,135
 -38,129
 -10,95
 -10,129
 -28,152
 -45,139
 -45,132
 -46,61
 -12,34
 -6,63
 -19,67
 -27,67
 -16,-7
 -8,-9
 -7,-4
 -3,-3
 1,2
 1,14
 0,24
 -1,28
 -1,18
 -2,4
 -1,3
 0,0
 0,2
)
)
