figures(
image(
attrib(
color(-16777216)
depth(0)
width(1)
)
name("image0")
167,107,160,120
url("file:///C:\\Inetpub\\wwwroot\\workshop\\7com\\commondata\\images\\yamanoue-photo.gif")
)
free(
attrib(
color(-206)
depth(0)
width(4)
)
169,90
 0,-3
 0,-14
 -1,-41
 3,-50
 5,-52
 11,-56
 32,-59
 63,-55
 70,-33
 71,-19
 70,-12
 66,-6
 65,-5
 60,-8
 54,-10
 50,-27
 52,-34
 60,-45
 64,-47
 161,-31
 161,-14
 158,-2
 154,1
 149,1
 129,-8
 127,-29
 133,-47
 140,-53
 151,-57
 157,-58
 159,-58
 210,-24
 221,1
 224,12
 224,20
 212,75
 202,92
 194,94
 171,83
 174,64
 175,63
 232,62
 252,78
 258,82
 262,167
 260,171
 229,221
 207,229
 179,219
 168,211
 167,209
 142,171
 142,166
 144,158
 145,155
 147,154
 183,151
 199,167
 186,197
 151,224
 95,240
 47,241
 46,182
 58,166
 61,152
 73,138
 85,134
 90,167
 38,215
 -21,216
 -28,215
 -44,205
 -43,188
 -39,181
 -28,168
 -27,167
 -16,156
 7,175
 5,195
 -7,200
 -22,201
 -75,179
 -77,177
 -77,169
 -74,113
 -59,95
 -41,91
 -20,104
 -24,148
 -35,157
 -49,146
 -55,141
 -76,122
 -76,115
 -65,-1
 -62,-1
 -61,-1
 -26,13
 -26,14
 -26,25
 -25,32
 -25,39
 -25,48
 -29,58
 -43,63
 -57,60
 -76,45
 -76,43
 -92,-5
 -92,-9
 -93,-12
 -67,-47
 -65,-47
 -33,-42
 -30,-38
 -27,-35
 -26,-35
 -6,-35
 7,-16
 17,5
 17,6
 11,12
 9,12
 -3,10
 -4,7
 -4,6
 -4,3
 -4,0
 -4,-1
 -4,-3
)
)
