figures(
free(
attrib(
color(-16777216)
depth(0)
width(1)
)
311,257
 -1,0
 -11,0
 -21,-4
 -33,-10
 -38,-12
 -43,-14
 -45,-17
 -48,-19
 -52,-25
 -62,-42
 -65,-49
 -65,-53
 -65,-54
 -68,-60
 -69,-69
 -69,-75
 -65,-88
 -56,-111
 -53,-114
 -51,-118
 -36,-141
 -20,-159
 -12,-162
 -4,-165
 1,-165
 6,-165
 12,-162
 13,-162
 18,-161
 23,-159
 30,-152
 33,-148
 33,-145
 41,-97
 45,-73
 48,-56
 48,-54
 44,-39
 35,-23
 33,-20
 31,-18
 24,-11
 21,-10
 15,-8
 14,-8
 13,-8
 -3,-3
)
free(
attrib(
color(-16777216)
depth(0)
width(1)
)
291,213
 1,0
 9,0
 16,0
 20,0
 23,0
 26,0
 27,0
 28,0
)
free(
attrib(
color(-16777216)
depth(0)
width(1)
)
290,212
 2,-1
 9,-4
 12,-5
 17,-5
 20,-5
 21,-7
 22,-7
 24,-7
 25,-6
 26,-3
 26,-1
 27,0
 30,3
 31,4
 32,4
 32,5
)
free(
attrib(
color(-16777216)
depth(0)
width(1)
)
296,212
 1,0
 3,0
 7,0
 7,1
 8,1
 10,2
 11,2
 12,2
 13,2
 14,2
 17,2
 20,2
 20,3
)
free(
attrib(
color(-16777216)
depth(0)
width(1)
)
291,213
 0,2
 0,6
 0,8
 1,12
 2,12
 3,12
 5,14
 7,15
 8,15
 20,10
 22,7
 23,5
 25,5
 26,4
 26,3
 27,3
 28,3
)
free(
attrib(
color(-16777216)
depth(0)
width(1)
)
314,139
 0,1
 -20,24
 -20,25
 -20,26
 -21,29
 -21,33
 -21,35
 -21,36
 -21,38
 -19,42
 -18,43
 -13,43
 -11,43
 -10,43
 -9,43
 -8,43
 -7,43
)
free(
attrib(
color(-16777216)
depth(0)
width(1)
)
322,142
 0,1
 1,8
 5,13
 6,19
 7,19
 7,21
 7,24
 7,26
 7,27
 7,28
 8,29
 9,30
 9,31
 9,32
 9,33
 8,38
 8,39
 7,40
 4,41
 3,41
 2,41
 1,41
 -4,39
)
free(
attrib(
color(-16777216)
depth(0)
width(1)
)
301,137
 -1,-1
 -4,-4
 -9,-4
 -14,-4
 -32,3
 -32,5
 -33,5
)
free(
attrib(
color(-16777216)
depth(0)
width(1)
)
268,143
 1,0
 3,1
 8,3
 13,3
 15,3
 18,3
 22,3
 22,4
 23,4
 24,4
 27,4
 28,3
 29,3
 34,3
 35,3
 36,3
 37,3
)
free(
attrib(
color(-16777216)
depth(0)
width(1)
)
328,145
 1,0
 3,0
 5,0
 14,-1
 15,-1
 17,-2
 38,-8
 46,-8
 48,-5
 51,-4
 51,0
 51,1
 51,2
 51,4
)
free(
attrib(
color(-16777216)
depth(0)
width(1)
)
334,150
 1,0
 5,0
 8,1
 12,1
 14,1
 15,1
 19,2
 21,2
 24,2
 26,2
 28,2
 38,-1
 39,-1
 39,-2
 39,-3
 39,-4
)
free(
attrib(
color(-16777216)
depth(0)
width(1)
)
306,78
 -1,0
 -9,-1
 -16,-1
 -26,4
 -32,9
 -51,22
 -62,29
 -90,72
 -90,73
 -90,74
 -91,74
 -92,77
 -92,81
 -94,85
 -94,87
 -93,92
 -92,99
 -92,107
)
free(
attrib(
color(-16777216)
depth(0)
width(1)
)
316,90
 -2,0
 -16,2
 -28,8
 -30,10
 -44,17
 -50,20
 -52,21
 -54,22
 -56,27
 -61,31
 -68,36
 -69,38
 -70,42
 -72,55
 -72,60
 -72,62
 -72,67
 -72,73
 -73,82
 -73,84
 -73,85
)
free(
attrib(
color(-16777216)
depth(0)
width(1)
)
310,84
 -1,0
 -13,0
 -16,2
 -18,4
 -23,7
 -68,32
 -72,32
 -73,33
 -74,33
 -74,34
 -75,44
 -75,46
 -75,48
 -83,72
 -95,95
 -97,106
 -97,107
 -96,107
 -95,107
 -93,107
 -84,102
 -80,99
 -79,99
)
free(
attrib(
color(-16777216)
depth(0)
width(1)
)
314,72
 1,0
 13,-4
 19,-4
 23,-4
 24,-3
 32,5
 34,9
 36,9
 36,10
 47,23
 51,27
 51,28
 65,50
 66,51
 91,68
 91,69
 101,83
 104,86
 109,87
 142,100
 144,101
 145,101
)
free(
attrib(
color(-16777216)
depth(0)
width(1)
)
316,81
 2,0
 28,6
 45,22
 49,29
 50,29
 50,30
 59,38
 63,42
 64,42
 64,48
 64,49
 76,60
 83,68
 88,69
 91,69
 91,70
 106,88
 108,91
 110,91
 130,99
 132,102
 141,108
 142,109
)
free(
attrib(
color(-16777216)
depth(0)
width(1)
)
328,95
 2,1
 12,8
 15,12
 21,18
 21,20
 31,44
 33,45
 34,47
 52,70
 52,72
 52,73
 64,80
 66,82
 69,82
 78,83
 83,93
 85,94
 85,95
 97,108
 98,113
 99,114
 104,119
 104,121
)
free(
attrib(
color(-16777216)
depth(0)
width(1)
)
352,134
 0,2
 5,29
 20,58
 21,58
 21,60
 29,74
 32,78
 34,80
 59,110
 60,111
 79,122
 87,127
 143,157
)
free(
attrib(
color(-16777216)
depth(0)
width(1)
)
361,193
 0,1
 13,22
 20,29
 20,31
 22,32
 33,49
 36,53
 65,67
 67,69
 81,78
 88,81
 89,81
 90,82
 106,95
 113,97
 120,97
 123,98
 124,98
 124,99
 125,101
 125,102
 126,102
)
free(
attrib(
color(-16777216)
depth(0)
width(1)
)
358,205
 0,2
 12,21
 18,28
 18,30
 27,53
 29,56
 32,59
 36,60
 37,62
 54,75
 58,80
 58,81
 59,81
 61,82
 68,85
 69,85
 69,86
)
free(
attrib(
color(-16777216)
depth(0)
width(1)
)
352,226
 0,2
 5,12
 13,20
 25,34
 28,34
 28,35
 39,50
 43,53
 47,57
 56,63
 58,63
 59,65
 60,66
)
free(
attrib(
color(-16777216)
depth(0)
width(1)
)
341,237
 1,1
 14,18
 17,24
 21,31
 21,32
 29,39
 42,43
 49,45
 51,45
 56,51
 63,58
 65,58
)
free(
attrib(
color(-16777216)
depth(0)
width(1)
)
258,232
 0,1
 0,5
 0,9
 0,10
 -1,14
 -1,18
 -2,21
 -8,31
 -9,33
 -10,33
 -10,35
 -10,36
 -15,38
 -22,46
 -23,47
 -35,54
 -44,56
 -50,56
 -52,56
 -54,56
 -57,57
 -67,59
 -69,59
 -71,60
 -72,60
)
free(
attrib(
color(-16777216)
depth(0)
width(1)
)
336,241
 29,37
 31,40
 31,41
 31,43
 38,56
 43,60
 44,60
 49,60
 52,60
 53,60
 54,60
 55,62
 57,68
 58,68
 59,68
)
free(
attrib(
color(-16777216)
depth(0)
width(1)
)
350,232
 0,1
 9,12
 15,21
 15,22
 16,23
 18,26
 18,27
 28,47
 37,57
 41,59
 42,62
 43,62
 44,62
 46,64
)
free(
attrib(
color(-16777216)
depth(0)
width(1)
)
364,199
 0,2
 22,31
 38,43
 41,49
 41,50
 49,67
 52,72
 59,73
 62,73
 65,75
 66,76
 80,87
 80,90
)
free(
attrib(
color(-16777216)
depth(0)
width(1)
)
480,295
)
free(
attrib(
color(-16777216)
depth(0)
width(1)
)
455,289
 1,0
 12,4
 22,10
 28,16
 29,19
 31,29
 31,31
 36,40
 40,46
 52,60
 52,61
 52,62
 59,81
 61,86
 62,91
 65,112
 69,115
 70,115
 71,116
 81,127
 84,129
 85,130
)
free(
attrib(
color(-16777216)
depth(0)
width(1)
)
430,367
 1,0
 17,10
 28,21
 37,25
 37,27
 40,28
 42,29
 52,37
 54,40
 55,41
 58,49
 62,52
 62,56
 62,57
 64,61
 65,64
)
free(
attrib(
color(-16777216)
depth(0)
width(1)
)
401,369
 0,1
 0,7
 -6,19
 -10,32
 -11,34
 -11,42
 -14,55
 -15,64
 -21,78
 -28,80
 -28,81
 -30,84
 -30,89
 -31,89
)
free(
attrib(
color(-16777216)
depth(0)
width(1)
)
207,342
 -1,0
 -6,7
 -11,14
 -11,20
 -11,22
 -11,26
 -11,28
 -14,38
 -15,45
 -22,52
 -22,54
 -26,57
 -27,58
 -28,58
 -31,64
 -32,65
 -33,70
 -33,72
 -33,73
 -34,73
 -34,74
 -34,76
 -34,77
 -34,78
 -34,79
 -34,87
 -34,90
 -33,93
 -33,94
 -32,95
 -31,99
 -31,103
 -31,109
 -36,115
 -37,115
 -37,116
)
free(
attrib(
color(-16777216)
depth(0)
width(1)
)
202,348
 1,0
 11,0
 17,0
 25,0
 32,1
 34,2
 61,-3
 69,-2
 71,1
 72,1
 79,3
 83,3
 84,3
 85,3
 93,4
 98,7
 99,7
 108,15
 110,15
 111,15
 112,16
 131,28
 133,29
 135,29
 143,39
 146,40
 147,40
 161,43
 164,50
 166,52
 168,57
 184,62
 189,71
 190,72
)
free(
attrib(
color(-16777216)
depth(0)
width(1)
)
311,366
 0,1
 -4,10
 -10,16
 -12,17
 -17,27
 -20,32
 -23,35
 -24,37
 -25,38
 -26,40
 -26,42
 -27,62
 -27,63
 -27,77
 -27,78
 -24,97
 -23,104
 -23,106
 -23,107
 -23,108
)
free(
attrib(
color(-16777216)
depth(0)
width(1)
)
372,457
 0,1
 0,3
 0,4
 0,7
)
free(
attrib(
color(-16777216)
depth(0)
width(1)
)
252,264
 2,0
 14,3
 15,4
 27,4
 31,4
 33,4
 58,6
 72,7
 76,7
 79,7
 85,7
 91,6
 93,2
 97,0
 98,0
 98,-1
)
free(
attrib(
color(-16777216)
depth(0)
width(1)
)
244,272
 1,0
 21,9
 23,9
 24,9
 54,11
 55,13
 57,13
 79,13
 82,13
 89,13
 104,7
 109,6
 111,5
 114,4
 114,2
 115,2
)
free(
attrib(
color(-16777216)
depth(0)
width(1)
)
237,284
 0,1
 5,12
 6,14
 7,14
 29,22
 30,22
 32,22
 61,20
 64,19
 100,14
 102,14
 104,14
 117,9
 124,5
 127,4
 128,4
)
free(
attrib(
color(-16777216)
depth(0)
width(1)
)
224,288
 0,1
 10,21
 11,23
 12,23
 21,31
 21,32
 23,32
 44,34
 45,34
 47,34
 72,36
 74,36
 93,31
 97,30
 111,27
 124,22
 124,21
 125,21
 133,10
 134,10
 142,7
 144,5
)
free(
attrib(
color(-16777216)
depth(0)
width(1)
)
269,269
 -1,0
 -1,1
 -1,0
 -1,-1
 -1,-2
 0,-3
 1,-3
 1,-1
 1,0
)
free(
attrib(
color(-16777216)
depth(0)
width(1)
)
288,274
 0,-1
 3,-4
 4,3
)
free(
attrib(
color(-16777216)
depth(0)
width(1)
)
317,272
 -1,0
 -4,0
 -4,-1
 -4,-2
 -3,-3
 -2,-4
 -2,-2
)
free(
attrib(
color(-16777216)
depth(0)
width(1)
)
333,275
 -1,0
 -1,-2
 -3,-2
 -2,-5
 -1,-5
 -1,-1
 -1,0
)
free(
attrib(
color(-16777216)
depth(0)
width(1)
)
265,274
 0,-1
 0,-2
 3,-3
 14,-6
 12,2
 3,3
 1,3
 0,3
)
free(
attrib(
color(-16777216)
depth(0)
width(1)
)
274,291
 0,-1
 2,-8
 3,-9
 3,-8
 6,-3
 8,-2
)
free(
attrib(
color(-16777216)
depth(0)
width(1)
)
302,290
 -1,0
 -2,-1
 -1,-5
 1,-5
 2,-5
 3,-5
 1,1
)
free(
attrib(
color(-16777216)
depth(0)
width(1)
)
329,293
 -1,0
 -2,-4
 -2,-6
 3,-12
 5,-15
 5,-10
 2,-10
 1,-10
)
free(
attrib(
color(-16777216)
depth(0)
width(1)
)
321,275
 -1,0
 -3,0
 -4,0
 -5,0
 -2,-2
 0,-3
 0,1
)
free(
attrib(
color(-16777216)
depth(0)
width(1)
)
258,288
 -1,0
 -4,0
 -5,-2
 -5,-5
 -4,-5
 -4,-4
 -4,-3
 -2,0
 0,1
)
free(
attrib(
color(-16777216)
depth(0)
width(1)
)
347,289
 -1,-1
 7,-11
 8,-1
)
free(
attrib(
color(-16777216)
depth(0)
width(1)
)
252,298
 -1,0
 -4,0
 -4,-1
 0,-2
 1,-2
 1,-1
 1,6
 0,8
)
free(
attrib(
color(-16777216)
depth(0)
width(1)
)
290,322
 0,-1
 2,-5
 3,-7
 3,-4
 3,-2
 3,-1
 3,1
 2,1
)
free(
attrib(
color(-16777216)
depth(0)
width(1)
)
324,309
 0,-1
 0,-4
 1,-5
 2,-9
 4,-10
 6,-10
 6,-2
 4,-1
)
free(
attrib(
color(-16777216)
depth(0)
width(1)
)
273,315
 0,-1
 1,-5
 3,-5
 5,-5
 7,-5
 8,-1
 7,0
)
free(
attrib(
color(-16777216)
depth(0)
width(1)
)
345,305
 0,-1
 3,-8
 3,-10
 3,-3
)
free(
attrib(
color(-16777216)
depth(0)
width(1)
)
296,295
 0,1
 -1,1
 -1,-2
 -1,-6
 1,-9
 3,-9
 3,-2
 3,0
 3,1
 3,2
 2,2
)
free(
attrib(
color(-16777216)
depth(0)
width(1)
)
366,292
 0,-1
 0,-7
 0,-8
 0,-1
 0,1
)
free(
attrib(
color(-16777216)
depth(0)
width(1)
)
370,155
 17,15
 21,18
 22,19
 23,20
 35,29
 40,31
 40,32
 41,35
 44,37
 50,37
 50,38
)
free(
attrib(
color(-16777216)
depth(0)
width(1)
)
370,116
 0,1
 3,23
 13,31
 22,39
 22,41
 26,67
 37,71
 37,72
 51,93
 53,96
 53,97
 60,110
 65,113
 65,114
 72,120
 81,133
 82,134
 89,141
 92,144
 97,146
 102,156
)
free(
attrib(
color(-16777216)
depth(0)
width(1)
)
354,111
 0,2
 6,26
 16,39
 18,44
 18,45
 29,75
 31,79
 31,80
 43,102
 56,120
 58,122
 63,125
 68,132
 71,134
 72,136
 73,140
 74,143
 76,147
)
free(
attrib(
color(-16777216)
depth(0)
width(1)
)
369,172
 0,1
 14,23
 17,31
 25,37
 27,44
 27,45
)
free(
attrib(
color(-16777216)
depth(0)
width(1)
)
322,101
 1,0
 15,6
 17,6
 21,7
 24,6
 62,-11
 79,-20
 83,-20
 84,-23
 89,-30
 90,-31
 97,-38
 98,-52
 101,-58
 101,-59
 101,-61
 101,-62
)
free(
attrib(
color(-16777216)
depth(0)
width(1)
)
325,109
 1,0
 8,0
 12,0
 19,-1
 21,-1
 51,-4
 56,-5
 60,-8
 61,-8
 74,-25
 83,-31
 89,-34
 94,-36
 97,-36
 99,-37
 101,-37
 103,-37
 104,-38
 105,-38
 107,-39
 107,-41
 109,-43
)
free(
attrib(
color(-16777216)
depth(0)
width(1)
)
340,112
 1,0
 17,5
 18,5
 20,5
 39,2
 49,0
 50,0
 71,-2
 72,-3
 80,-5
 82,-5
 92,-6
 94,-7
 108,-11
 130,-22
 136,-20
 137,-18
 138,-18
 139,-18
)
free(
attrib(
color(-16777216)
depth(0)
width(1)
)
347,123
 2,0
 37,0
 39,-1
 62,-13
 67,-17
 69,-17
 106,-37
 113,-42
 114,-46
 116,-50
)
)
