figures(
image(
attrib(
color(-16777216)
depth(0)
width(1)
)
name("image0")
174,82,-1,-1
url("file:///C:\\Inetpub\\wwwroot\\workshop\\7com\\nodedata\\yamanoue0\\data\\images\\nasu-q-3.jpg")
)
image(
attrib(
color(-16777216)
depth(0)
width(1)
)
name("image1")
98,66,471,353
url("file:///C:\\Inetpub\\wwwroot\\workshop\\7com\\commondata\\images\\nasu-q-3.jpg")
)
free(
attrib(
color(-13435086)
depth(0)
width(5)
)
75,54
 0,1
 2,3
 11,15
 19,20
 29,22
 37,23
 47,25
 63,25
 71,25
 79,19
 84,6
 85,-2
 85,-9
 80,-12
 72,-5
 69,4
 69,13
 69,18
 82,31
 92,37
 125,41
 125,42
 125,43
 125,44
)
free(
attrib(
color(-13435086)
depth(0)
width(5)
)
289,39
 2,2
 8,14
 27,32
 33,37
 58,55
 64,58
 77,60
 81,58
 79,35
 75,26
 72,27
 66,33
 65,38
 65,43
 81,63
 89,69
 94,72
 96,72
 98,72
 101,73
)
free(
attrib(
color(-13435086)
depth(0)
width(5)
)
456,47
 0,2
 0,13
 3,51
 13,60
 21,62
 28,61
 29,40
 18,38
 13,44
 5,52
 2,59
 1,61
 -1,64
 -1,69
 4,81
 8,85
 9,86
)
free(
attrib(
color(-13435086)
depth(0)
width(5)
)
619,202
 -2,-1
 -18,-9
 -65,-17
 -78,-15
 -93,-1
 -95,4
 -95,11
 -91,18
 -87,20
 -77,8
 -82,1
 -90,-3
 -106,3
 -110,6
 -115,9
 -117,10
)
free(
attrib(
color(-13435086)
depth(0)
width(5)
)
464,254
 -1,0
 -21,9
 -31,20
 -32,29
 -32,35
 -28,44
 -13,44
 -11,39
 -11,30
 -12,24
 -24,24
 -30,29
 -36,46
 -43,56
 -47,68
 -49,74
 -49,76
 -49,77
)
free(
attrib(
color(-13435086)
depth(0)
width(5)
)
153,344
 0,1
 40,16
 54,16
 57,-11
 53,-12
 43,-12
 42,-12
 39,-2
 36,5
 35,10
 46,19
 54,24
 62,32
 63,32
)
free(
attrib(
color(-13435086)
depth(0)
width(5)
)
306,345
 8,0
 42,4
 47,4
 53,1
 53,-11
 44,-12
 35,3
 33,10
 34,22
 70,30
 74,26
 75,25
 91,11
 92,-2
 90,-2
 87,-2
 86,0
 81,13
 91,23
 98,29
 108,30
 110,31
 111,31
 115,29
)
free(
attrib(
color(-13435086)
depth(0)
width(5)
)
90,201
 2,0
 34,-14
 44,-33
 44,-43
 41,-46
 32,-41
 26,-21
 36,-18
 43,-18
 46,-19
 71,-38
 82,-44
 87,-51
 87,-52
)
free(
attrib(
color(-13435086)
depth(0)
width(5)
)
66,249
 13,15
 51,34
 66,31
 70,19
 66,1
 44,18
 44,26
 56,44
 72,53
 83,54
 90,54
)
free(
attrib(
color(-13435086)
depth(0)
width(5)
)
112,396
 1,0
 36,7
 38,2
 42,-9
 42,-12
 38,-18
 21,-8
 21,0
 33,8
 45,10
 52,11
 58,12
 59,12
 60,12
 60,13
)
free(
attrib(
color(-13435086)
depth(0)
width(5)
)
495,266
 13,13
 53,21
 58,1
 54,-4
 44,7
 45,15
 54,24
 80,40
 83,42
 84,43
)
)
