figures(
curve(
attrib(
color(-16777216)
depth(0)
width(1)
)
158,105
 -31,45
 -39,127
 -20,196
 14,221
 87,224
 157,216
 201,183
 218,123
 208,71
 179,-11
 141,-22
 68,-24
 32,-12
 7,-3
)
curve(
attrib(
color(-16777216)
depth(0)
width(1)
)
156,108
 -13,17
 -25,44
 -27,68
 -30,93
 -29,132
 -26,163
 -14,195
 21,212
 96,212
 148,206
 171,194
)
curve(
attrib(
color(-16777216)
depth(0)
width(1)
)
182,107
 -23,17
 -34,51
 -35,106
 -35,144
 -34,167
 -22,178
 22,194
 62,194
 99,194
 119,186
)
curve(
attrib(
color(-16777216)
depth(0)
width(1)
)
205,127
 -24,20
 -25,43
 -27,83
 -25,114
 -25,131
 0,148
 36,153
 74,145
 88,132
)
curve(
attrib(
color(-16777216)
depth(0)
width(1)
)
229,167
 -13,9
 -13,46
 -8,69
 20,74
 42,65
 46,58
)
curve(
attrib(
color(-16777216)
depth(0)
width(1)
)
275,91
 27,0
 44,6
 58,14
 72,39
 77,68
 85,103
)
curve(
attrib(
color(-16777216)
depth(0)
width(1)
)
279,112
 16,0
 35,7
 51,25
 58,57
 59,86
)
curve(
attrib(
color(-16777216)
depth(0)
width(1)
)
278,149
 26,8
 34,38
 36,54
)
curve(
attrib(
color(-16777216)
depth(0)
width(1)
)
369,224
 -2,22
 -7,44
 -21,69
)
curve(
attrib(
color(-16777216)
depth(0)
width(1)
)
352,222
 0,26
 -11,51
 -16,60
)
curve(
attrib(
color(-16777216)
depth(0)
width(1)
)
322,221
 -6,19
 -15,33
)
curve(
attrib(
color(-16777216)
depth(0)
width(1)
)
198,105
 33,-10
 69,-14
)
curve(
attrib(
color(-16777216)
depth(0)
width(1)
)
216,123
 29,-9
 47,-9
)
curve(
attrib(
color(-16777216)
depth(0)
width(1)
)
240,165
 24,-8
)
curve(
attrib(
color(-16777216)
depth(0)
width(1)
)
480,137
 -13,33
 -42,53
 -40,140
 1,154
 60,135
 75,109
 70,53
 54,11
 69,-13
)
curve(
attrib(
color(-16777216)
depth(0)
width(1)
)
494,187
 -23,17
 -28,53
 -27,73
 11,76
 30,57
 29,17
 17,3
 12,3
)
curve(
attrib(
color(-16777216)
depth(0)
width(1)
)
497,209
 -14,9
 -14,30
 -1,35
 11,25
 12,11
 8,3
)
oval(
attrib(
color(-16777216)
depth(0)
width(1)
)
291,349,160,92)
oval(
attrib(
color(-16777216)
depth(0)
width(1)
)
304,352,139,85)
oval(
attrib(
color(-16777216)
depth(0)
width(1)
)
325,354,103,76)
oval(
attrib(
color(-16777216)
depth(0)
width(1)
)
362,375,44,34)
polygon(
attrib(
color(-4465153)
depth(0)
width(1)
)
75,266
 -1,66
 -18,107
 -30,136
 -23,153
 6,146
 27,108
 32,58
 30,18
 20,-29
 5,-33
 -1,-18
)
polygon(
attrib(
color(-2245633)
depth(0)
width(1)
)
280,39
 -13,7
 -11,20
 28,27
 59,40
 87,71
 99,127
 106,155
 115,157
 134,140
 137,104
 137,30
 112,-4
 58,-13
 25,-11
)
polygon(
attrib(
color(-56)
depth(0)
width(1)
)
149,343
 -10,11
 -2,21
 2,50
 -7,65
 -13,95
 27,94
 59,78
 90,54
 118,25
 151,17
 181,4
 228,-28
 226,-35
 209,-33
 193,-23
 167,-10
 129,0
 86,8
 52,2
 33,-6
 16,-7
)
polygon(
attrib(
color(-3604536)
depth(0)
width(1)
)
599,195
 -25,-5
 -35,12
 -38,59
 -52,85
 -85,98
 -111,107
 -129,107
 -151,101
 -167,88
 -174,79
 -178,86
 -173,104
 -149,124
 -116,131
 -77,127
 -34,126
 -7,101
 13,72
 18,38
 12,14
)
polygon(
attrib(
color(-14136)
depth(0)
width(1)
)
102,33
 -12,22
 -38,14
 -64,6
 -78,23
 -80,73
 -73,126
 -66,149
 -47,161
 -28,173
 -16,186
 -5,206
 9,214
 11,199
 5,166
 5,120
 13,93
 36,63
 74,44
 97,44
 125,39
 147,37
 160,36
 158,26
 150,9
 160,-3
 184,-13
 176,-22
 139,-17
 111,-18
 72,-19
 45,-18
 17,-12
)
text(
attrib(
color(-2790912)
depth(0)
width(1)
font("Dialog",1,18)
)
113,34,"Just like me, They long to be, Close to you.")
)
